36 40 41
33 41 33
36 38 70
32 38 72
40 37 39
37 31 70
40 34 41
38 39 37
34 41 69
42 35 69
35 31 37
37 35 44
37 44 69
41 37 39
33 38 62
36 32 36
36 37 44
44 38 37
32 37 38
40 38 63
43 39 69
35 32 36
31 34 38
34 36 69
42 39 42
34 38 61
37 34 34
41 34 34
41 43 69
39 32 64
39 33 40
39 36 32
35 34 70
38 35 40
38 40 65
34 34 39
42 36 32
37 32 64
33 38 65
39 31 69
41 40 65
33 34 33
36 36 33
40 44 39
39 41 43
39 38 66
35 33 41
35 39 72
43 38 67
38 39 62
38 43 37
31 37 35
34 40 70
38 42 67
37 34 69
37 38 61
36 42 38
33 32 67
36 38 31
40 39 42
39 37 61
35 42 34
43 36 68
32 41 38
32 40 66
34 38 36
37 40 36
41 36 68
39 33 71
40 40 36
43 38 38
43 37 38
35 35 69
38 42 40
37 32 41
37 33 67
33 39 70
41 32 41
38 31 36
36 35 33
39 35 33
40 35 33
39 39 65
35 33 64
38 37 67
38 36 41
38 33 35
31 38 66
42 33 35
42 40 72
42 34 41
37 35 66
33 37 32
41 39 33
33 33 64
36 38 38
32 39 64
32 38 40
39 37 68
40 34 73
35 35 62
43 40 68
38 39 69
38 41 44
31 39 36
34 33 34
37 40 61
34 40 63
37 33 36
35 31 69
37 36 36
33 36 42
33 35 67
36 35 68
44 38 69
39 39 42
32 37 70
43 38 63
37 31 40
43 42 38
36 31 40
42 41 71
42 34 70
34 36 37
42 37 62
42 38 62
37 39 71
41 35 38
40 42 37
38 36 64
38 40 33
38 35 72
42 40 35
34 37 41
42 36 64
36 40 32
33 41 40
32 38 67
40 37 40
39 43 63
35 40 32
40 33 72
38 38 66
38 43 69
42 38 67
34 40 38
37 42 38
41 41 70
36 34 71
33 40 34
44 37 68
40 38 38
32 36 65
32 37 63
35 37 43
43 36 36
32 41 70
43 35 36
35 42 66
42 37 71
37 40 68
37 34 43
41 34 43
36 44 37
36 35 31
36 33 35
39 33 39
40 33 35
43 37 70
38 35 33
38 34 71
38 40 72
42 35 33
34 34 62
37 42 73
42 36 43
42 39 65
41 37 67
33 39 38
36 40 63
41 33 35
43 35 65
31 38 34
34 35 32
34 34 72
34 40 73
37 35 34
37 42 63
41 42 71
37 38 38
33 38 40
41 39 65
36 37 62
36 36 74
39 36 68
39 37 36
39 40 44
35 43 65
43 40 36
43 33 67
31 40 69
31 39 68
34 38 43
37 41 71
41 40 37
37 36 68
33 34 69
33 35 35
36 43 37
39 33 62
40 40 43
35 41 68
43 34 71
42 41 39
38 42 63
42 42 37
34 39 43
37 38 65
37 39 39
41 38 66
41 35 70
40 42 69
39 40 71
38 36 32
31 40 40
42 33 40
37 41 40
42 40 67
37 35 73
41 36 32
36 43 72
41 39 40
41 32 64
40 40 64
32 38 35
39 34 34
40 36 32
35 35 41
43 34 34
38 37 42
42 42 66
31 36 69
37 37 71
33 36 35
33 37 73
36 34 39
33 40 66
36 39 37
39 39 37
40 38 70
35 39 63
38 33 71
31 35 37
42 37 39
37 32 39
33 33 36
36 35 63
36 33 67
32 35 68
40 41 68
39 38 41
40 32 37
39 41 64
38 40 40
38 35 65
42 43 66
34 37 38
42 34 63
37 37 32
36 40 31
36 39 64
40 39 65
39 43 38
32 33 66
32 40 39
38 41 34
34 40 41
34 35 64
41 42 39
36 41 39
36 40 73
44 35 69
33 41 65
44 40 68
40 38 41
40 37 71
37 31 38
38 32 68
43 41 36
42 43 37
34 41 37
40 31 35
33 43 68
36 32 68
32 34 71
35 40 68
35 41 36
35 36 44
43 39 37
38 38 38
42 33 70
42 35 42
34 37 31
37 42 66
41 37 74
41 38 34
41 33 42
36 38 67
32 36 37
40 34 34
38 39 40
38 44 65
34 34 71
37 35 41
37 44 64
41 41 72
33 38 33
41 39 72
36 32 33
36 37 39
36 36 65
32 37 41
39 37 43
35 36 71
39 34 66
38 34 35
42 39 37
37 34 37
41 33 71
33 35 42
33 36 67
39 38 31
39 36 43
35 39 31
38 38 61
31 35 69
37 43 69
34 39 36
34 38 68
37 38 74
37 32 71
33 38 68
37 39 62
36 36 38
35 43 37
39 41 32
39 38 73
39 40 72
39 44 40
43 38 70
31 37 40
37 41 35
38 42 72
41 36 41
36 42 43
36 43 65
33 42 41
40 39 33
39 35 65
35 42 41
35 37 64
39 40 62
32 40 71
38 37 35
37 40 43
34 43 39
41 40 43
41 34 70
33 37 64
44 35 37
36 41 71
40 38 73
35 39 38
39 44 67
35 34 42
43 37 35
38 32 36
43 41 68
37 33 68
33 39 67
41 32 36
40 31 67
33 42 68
36 35 36
39 35 42
32 34 39
40 36 68
39 38 38
39 39 74
35 33 69
38 37 70
42 33 38
42 34 38
34 37 63
37 37 43
33 37 37
36 42 66
41 36 62
33 32 39
41 39 62
36 39 73
36 38 35
44 39 40
32 39 71
39 43 41
40 34 66
38 39 72
38 41 43
34 33 41
37 36 35
34 31 38
36 40 64
33 41 72
36 37 71
40 32 65
40 37 72
39 42 37
38 32 63
42 34 67
34 41 42
42 38 35
41 41 38
41 35 43
38 31 64
44 36 69
39 35 61
40 35 69
39 38 63
35 41 43
38 36 69
38 41 70
42 40 36
37 43 37
34 39 68
41 38 43
33 41 37
36 38 74
36 44 69
32 38 68
44 39 65
40 37 35
37 31 66
35 40 43
40 33 67
38 39 33
38 43 64
34 41 65
42 38 72
37 42 41
42 35 65
41 41 67
41 42 41
41 37 35
36 32 40
32 37 34
35 36 72
35 37 32
43 39 65
32 41 65
35 32 40
38 34 42
42 37 66
34 43 71
41 34 38
41 43 65
36 33 38
39 36 36
35 36 62
43 37 67
38 35 44
38 40 69
42 40 63
42 35 36
42 36 36
41 37 68
33 39 35
41 40 69
33 34 37
36 36 61
32 42 68
39 38 70
35 32 67
35 33 37
38 43 41
34 35 43
34 40 66
37 34 65
37 35 63
41 42 66
37 38 33
36 42 34
35 42 38
39 40 39
43 36 64
31 39 65
34 38 32
37 40 32
37 41 72
34 43 40
34 42 64
41 40 32
37 36 67
33 34 64
41 43 40
36 43 40
41 36 64
40 43 40
40 40 32
39 36 61
35 39 41
43 38 34
39 42 69
35 35 73
43 34 66
42 41 42
38 42 36
31 37 68
42 42 34
37 39 44
41 38 69
40 35 37
39 39 69
35 38 37
38 36 37
38 33 39
31 38 70
36 31 65
42 40 68
37 35 70
41 36 39
41 39 37
33 33 68
36 38 42
40 40 69
32 38 36
40 39 63
39 34 41
32 35 36
35 42 63
39 37 64
35 35 34
43 34 41
40 36 61
38 44 40
38 39 65
31 39 40
37 33 32
35 31 65
37 36 40
37 37 64
33 36 38
36 35 64
40 43 65
36 39 32
32 37 66
39 42 42
39 43 70
38 33 66
42 41 67
42 37 34
37 39 67
41 35 34
36 33 70
32 35 67
32 34 41
44 40 36
38 40 37
34 33 69
42 43 69
42 36 68
37 37 61
36 40 36
33 43 36
40 39 68
39 34 62
32 42 36
35 40 36
31 41 38
38 38 70
34 40 34
37 42 34
37 35 31
41 42 34
41 37 42
36 41 42
36 34 67
33 40 38
40 41 42
44 40 65
40 38 34
32 36 69
35 42 70
38 32 65
43 41 41
34 37 72
37 40 64
41 41 40
40 31 38
44 34 38
36 32 65
32 34 64
40 33 39
35 36 39
38 38 35
31 41 67
38 35 37
38 34 67
34 32 70
37 42 69
42 39 69
41 38 37
41 33 39
44 37 35
32 36 34
40 37 61
44 41 67
32 33 38
35 40 61
40 34 63
35 38 69
43 35 69
38 37 31
31 38 38
42 32 37
37 34 74
37 35 38
37 38 42
41 44 68
33 38 36
41 37 61
41 39 69
36 37 34
40 39 31
36 36 70
39 37 32
39 34 73
39 40 40
35 43 69
43 40 40
31 40 65
42 39 32
37 41 67
37 36 72
41 33 64
33 36 70
36 43 33
41 36 73
44 41 38
35 41 64
38 35 62
42 41 35
34 34 41
37 43 66
37 38 69
37 39 35
38 31 41
36 36 43
41 35 66
39 40 67
35 38 42
39 44 35
35 39 70
31 40 36
37 41 36
34 42 36
37 44 36
36 43 68
41 32 68
33 42 36
40 39 36
32 38 63
40 36 36
39 35 74
43 34 38
38 37 38
42 42 70
37 33 43
41 43 38
33 36 63
33 37 69
36 34 35
44 35 40
33 40 70
36 39 41
36 35 73
32 39 39
39 33 73
40 38 66
40 40 62
35 34 33
43 37 40
38 32 33
36 31 37
42 37 43
37 32 35
33 39 72
41 32 35
40 31 70
40 36 65
39 41 68
38 40 44
31 36 36
34 32 38
37 41 63
38 35 69
42 34 35
37 37 36
36 42 71
36 39 68
44 36 37
39 43 34
32 40 35
38 37 63
38 41 38
42 32 69
37 36 62
36 41 35
44 35 65
33 41 69
40 41 35
36 37 66
40 32 70
40 37 67
37 31 34
34 37 65
34 36 43
34 41 33
42 38 40
41 41 35
36 44 40
36 32 72
40 35 64
35 41 32
35 36 40
43 39 33
38 34 74
42 40 41
42 33 66
41 34 65
37 43 34
34 44 38
36 40 42
36 38 71
40 37 38
37 31 71
40 34 38
35 38 74
38 39 36
34 41 68
42 35 68
37 44 68
41 37 36
36 32 37
36 39 31
36 37 43
44 38 34
32 37 37
35 36 67
35 37 61
35 32 35
34 36 66
42 39 41
34 38 62
37 34 33
41 34 33
41 43 70
39 32 71
39 33 41
35 34 65
43 37 72
31 35 65
34 34 32
42 35 63
42 36 33
34 38 64
37 32 67
33 38 64
33 39 40
39 31 66
41 40 64
36 36 34
39 41 36
35 33 42
35 39 73
43 38 66
38 39 61
38 43 36
31 37 36
37 41 31
34 40 71
37 34 68
38 42 68
36 42 39
33 32 66
39 36 74
39 37 62
35 37 68
32 41 37
32 40 67
34 38 37
37 40 39
34 43 35
41 36 71
36 34 42
36 41 67
39 33 64
40 40 37
35 39 34
43 38 41
43 37 39
35 35 66
43 41 64
38 42 41
31 35 40
37 32 40
37 33 64
33 39 71
41 32 40
36 35 32
39 35 38
40 35 32
40 36 72
35 33 65
38 37 66
38 33 34
42 33 34
42 34 42
37 35 67
33 37 33
36 42 62
41 39 34
33 33 65
36 38 39
32 39 67
32 38 41
39 37 69
32 35 35
40 34 70
35 35 63
43 33 36
43 40 67
38 39 68
31 39 37
34 33 37
37 33 37
37 36 39
33 35 68
36 35 71
36 40 68
36 39 63
44 38 66
39 39 43
32 37 69
39 42 33
37 31 41
38 33 73
42 41 70
42 34 71
34 36 34
42 38 63
37 39 72
41 35 39
44 36 65
40 42 34
40 35 73
38 36 65
38 41 74
38 40 62
34 33 72
34 37 40
42 36 65
36 40 33
33 41 41
44 39 69
36 44 65
32 38 64
40 33 71
38 38 67
38 43 68
42 38 68
34 40 39
37 42 37
41 41 71
36 34 68
44 37 67
40 38 39
32 36 66
35 37 36
32 41 69
43 35 37
42 37 70
37 40 71
34 43 67
37 34 42
41 34 42
36 44 38
36 33 34
39 33 32
40 33 34
35 40 74
35 41 62
43 37 71
38 38 40
38 35 32
38 40 73
34 34 63
37 42 72
42 36 40
42 39 64
37 32 72
41 37 64
33 39 39
35 32 71
35 33 33
34 35 39
34 34 73
37 42 62
37 35 35
41 42 70
37 38 37
41 39 66
36 37 61
39 36 67
39 37 37
39 40 35
35 35 31
43 40 35
38 34 61
43 33 68
31 40 68
31 39 69
34 38 44
37 41 68
34 42 68
41 40 36
37 36 71
33 34 68
33 35 36
36 43 36
40 44 68
39 33 63
40 40 44
35 41 69
39 42 65
43 34 70
42 41 38
38 42 32
31 37 64
42 42 38
34 39 42
34 44 67
37 38 64
37 39 40
41 38 65
41 35 71
36 35 41
40 35 41
39 40 70
40 42 66
35 38 33
38 36 33
36 31 69
42 40 64
37 41 41
34 42 33
37 44 35
37 35 74
41 36 35
41 39 41
41 32 67
44 39 37
40 40 65
39 34 37
40 36 33
35 35 38
42 42 67
31 36 68
37 36 44
37 37 68
33 36 34
36 34 36
40 43 69
36 39 36
32 39 42
39 39 34
40 38 71
39 43 66
38 33 70
38 32 42
42 41 63
42 37 38
34 41 63
37 32 38
33 33 37
41 35 62
36 35 62
36 33 66
32 35 71
44 40 40
39 38 40
40 32 38
39 41 65
40 41 67
38 40 41
34 33 65
38 35 64
34 37 33
42 36 72
37 37 33
36 42 72
36 39 67
40 39 64
39 43 39
32 40 40
38 41 61
34 35 71
41 42 38
36 41 38
36 40 74
33 40 42
44 35 68
44 40 69
39 39 61
40 37 70
39 42 63
37 31 39
38 32 69
43 41 37
42 43 36
34 41 36
33 43 69
36 33 43
36 32 69
32 34 68
35 40 67
35 41 37
35 38 31
35 36 35
43 39 42
38 38 39
34 32 66
42 35 41
37 42 65
42 39 73
41 38 33
33 39 62
36 38 64
44 37 39
32 36 38
39 32 39
40 34 35
35 38 65
38 44 70
34 34 64
37 35 42
37 44 67
41 41 73
41 42 63
33 38 32
36 41 63
41 39 73
36 32 34
36 37 38
36 36 66
32 37 40
39 37 44
35 36 70
39 34 69
38 34 36
42 39 36
37 34 36
41 33 68
33 36 66
40 43 37
39 36 42
38 38 62
37 43 70
34 39 35
34 38 69
37 38 73
37 32 70
37 39 63
41 38 74
36 36 39
35 43 34
39 41 33
39 38 72
39 44 39
35 39 66
38 43 63
31 37 41
37 41 32
38 42 73
34 42 40
41 42 72
41 36 40
36 42 40
36 43 64
33 42 40
40 40 72
40 39 32
40 36 40
35 42 40
35 37 65
39 35 70
39 40 61
38 37 34
37 40 42
34 43 38
41 40 42
41 43 34
33 37 65
41 34 69
44 35 36
36 41 70
32 39 35
35 39 39
39 44 66
35 34 37
38 32 37
43 41 69
37 33 69
39 31 38
41 32 39
40 31 66
33 42 67
36 35 39
39 35 43
32 34 36
40 35 63
39 38 33
39 41 72
35 33 70
35 38 63
38 37 73
40 36 69
38 33 41
31 36 40
34 32 34
42 34 39
34 37 62
37 37 40
33 37 42
36 42 67
33 32 38
41 39 63
36 39 72
36 38 32
32 39 70
40 39 73
40 34 67
38 44 38
38 41 42
34 33 40
37 33 62
37 36 34
34 31 37
36 40 65
40 41 39
36 37 70
40 32 66
32 37 72
35 44 39
39 42 36
34 37 69
42 38 36
41 41 39
38 31 71
44 36 70
40 35 68
39 38 62
38 36 74
38 41 65
42 40 37
37 43 38
34 39 67
37 39 31
41 38 42
33 41 34
36 44 70
32 38 69
40 37 34
37 31 67
40 34 42
35 40 42
40 33 66
38 39 32
38 38 72
34 41 64
42 38 73
37 42 40
35 31 38
42 35 64
41 41 64
41 42 40
41 37 32
36 32 41
44 38 38
32 37 33
43 39 70
35 37 33
35 42 72
32 41 64
35 32 39
38 34 43
31 34 37
34 36 70
37 40 74
34 43 70
41 41 62
41 34 37
41 43 66
36 33 37
39 32 67
39 36 35
35 36 61
35 34 69
38 35 43
38 40 66
34 34 36
42 36 37
41 37 69
39 31 70
41 40 68
33 34 36
44 37 41
36 36 62
40 44 36
40 35 31
32 42 69
39 41 40
35 32 66
35 33 38
39 38 65
38 43 40
38 42 64
34 35 42
34 40 67
37 34 64
41 42 65
37 38 32
36 42 35
40 39 41
35 42 33
39 40 38
32 41 41
35 37 72
43 36 71
34 38 33
37 40 35
37 41 73
34 42 65
41 40 35
37 36 66
41 43 41
41 36 67
40 44 65
39 33 68
40 40 33
43 38 37
39 42 68
35 35 70
38 42 37
31 37 69
42 42 35
41 38 68
38 31 39
36 35 44
39 35 34
40 35 36
39 39 66
35 38 36
38 36 42
38 33 38
31 38 65
42 40 69
37 35 71
41 36 38
41 39 38
33 33 69
36 38 43
40 40 70
32 38 37
44 36 40
39 34 40
32 35 39
39 37 65
40 36 62
35 35 35
43 34 40
40 39 62
43 40 71
38 44 41
38 39 64
34 33 33
37 33 33
37 34 31
35 31 70
37 36 43
37 37 65
33 36 41
33 35 64
36 35 67
40 43 64
36 39 35
44 38 70
32 37 65
39 43 71
43 42 37
42 41 66
34 36 38
37 39 68
41 35 35
36 33 69
32 35 66
40 42 38
44 40 37
38 36 61
38 33 63
38 40 34
34 33 68
42 43 68
34 37 44
42 36 69
36 40 37
33 43 37
40 39 71
40 37 43
35 44 67
32 42 37
35 40 35
38 38 71
38 43 72
34 41 73
34 40 35
37 42 33
42 38 64
41 42 33
41 37 43
36 41 41
36 34 64
33 40 33
40 41 41
40 40 31
44 37 71
40 38 35
32 36 70
44 40 66
35 37 40
43 36 39
35 42 65
37 40 67
41 41 41
36 32 66
32 34 65
39 33 36
40 33 38
35 36 38
38 38 44
38 35 36
38 34 68
34 32 71
37 42 68
42 39 68
41 38 36
41 33 36
44 37 34
32 36 35
39 32 42
32 33 37
43 35 66
35 38 68
34 35 35
37 34 73
37 35 39
37 38 41
33 38 43
41 39 70
36 32 63
36 37 33
44 38 40
36 36 71
39 37 33
39 34 72
39 36 71
35 43 66
43 40 39
34 36 72
34 38 40
42 39 63
37 41 64
34 42 72
37 34 63
41 33 65
33 36 73
41 36 72
44 41 37
40 40 40
35 41 65
38 35 61
42 41 34
34 34 42
37 43 67
37 38 68
37 39 36
38 31 40
36 36 44
41 35 67
40 42 70
39 40 66
39 41 62
35 39 71
37 41 37
34 42 37
37 44 39
36 43 71
41 32 71
33 42 35
40 39 39
39 34 33
40 36 37
39 37 72
35 35 42
38 37 41
42 42 71
37 33 40
37 37 72
41 43 39
33 36 62
36 35 72
36 34 32
36 41 73
33 40 65
36 39 40
41 34 64
32 39 38
39 39 38
40 38 67
40 40 63
35 34 32
43 37 41
36 31 36
31 35 38
42 37 42
37 32 34
39 31 35
33 39 73
41 32 34
39 35 44
40 36 66
40 41 71
39 38 44
40 32 34
39 41 69
38 35 68
31 36 35
34 32 39
34 37 37
37 37 37
36 42 68
36 39 71
36 38 61
44 36 38
39 43 35
32 33 69
32 40 36
38 37 62
38 41 33
34 40 42
34 35 67
36 41 34
33 41 66
40 41 34
36 37 65
40 32 71
40 38 42
40 37 66
37 31 35
34 37 64
34 36 40
34 41 32
42 38 41
41 41 32
40 42 40
40 35 67
35 40 71
35 41 33
43 39 38
42 33 69
37 43 35
36 40 43
36 38 68
40 37 37
39 32 35
40 34 39
38 39 43
38 44 66
37 40 31
34 41 71
34 34 68
37 44 71
41 37 37
36 32 38
36 37 42
44 38 35
32 37 36
39 37 40
35 36 66
35 37 62
39 34 65
40 38 61
35 32 34
38 34 32
34 36 67
42 39 40
34 38 63
37 34 32
41 33 72
41 34 32
41 43 71
39 32 70
39 33 42
35 41 72
35 34 64
31 35 70
34 34 33
34 39 39
34 38 65
42 36 62
37 32 66
33 38 71
33 39 41
39 31 67
41 40 67
36 36 35
35 43 38
39 41 37
43 38 69
38 43 35
31 37 37
34 40 68
38 42 69
36 42 36
40 39 44
39 36 73
39 37 63
40 36 44
35 37 69
39 35 66
32 41 36
32 40 68
34 38 38
37 40 38
41 31 68
34 43 34
41 34 73
41 36 70
36 34 43
36 41 66
39 33 65
40 40 38
32 39 63
40 38 74
35 39 35
43 38 40
39 44 70
35 34 41
35 35 67
43 41 65
38 42 42
42 42 40
37 33 65
33 39 64
33 42 71
36 35 35
39 35 39
40 35 35
40 36 73
39 38 37
40 42 72
35 33 66
38 37 69
43 42 69
42 33 37
37 37 44
33 37 38
36 42 63
41 39 35
33 41 63
36 38 36
32 39 66
39 37 70
32 35 34
39 43 42
40 34 71
43 33 37
43 40 66
38 44 34
34 33 36
37 40 63
37 36 38
33 35 69
36 35 70
36 40 69
36 39 62
36 37 74
39 39 40
32 37 68
35 44 35
39 42 32
44 38 67
43 37 63
38 33 72
42 34 64
34 36 35
34 38 31
34 41 41
42 38 32
37 39 73
41 35 40
38 31 67
44 36 66
39 35 62
40 42 35
40 35 72
40 41 73
35 41 40
38 36 70
38 41 69
38 40 63
42 40 33
34 37 43
34 39 71
36 40 34
33 41 38
44 39 68
36 44 66
32 38 65
35 44 70
40 33 70
38 43 67
42 38 69
34 40 36
37 42 36
41 41 68
41 37 44
36 34 69
44 37 66
40 38 36
39 37 31
32 36 67
35 37 37
43 36 42
32 41 68
43 35 34
43 39 66
42 37 65
37 40 70
34 43 66
37 34 41
41 34 41
36 44 39
36 33 33
39 33 33
40 33 33
35 40 73
39 36 39
35 41 63
35 34 73
38 38 41
43 37 64
38 40 70
42 35 39
42 36 41
34 38 72
41 37 65
33 39 32
41 38 63
41 33 33
32 36 40
39 38 69
35 32 70
35 33 34
34 35 38
41 42 69
37 38 36
41 39 67
39 36 66
39 37 38
35 42 37
39 40 34
43 36 67
43 40 34
38 34 62
43 33 69
31 39 66
37 41 69
34 42 69
41 40 39
37 36 70
33 34 67
33 35 37
36 43 39
40 44 69
35 41 70
35 39 42
43 38 33
39 42 64
35 35 74
43 34 65
42 41 41
38 42 33
31 37 65
42 42 39
37 43 72
34 39 41
37 39 41
37 33 72
41 38 64
38 31 35
36 35 40
41 35 72
40 35 40
35 43 40
39 40 69
39 39 70
35 38 32
40 42 67
38 36 38
31 38 69
38 40 31
36 31 68
42 40 65
34 42 34
37 44 34
41 36 34
41 39 42
41 32 66
44 39 36
40 40 66
32 38 33
39 34 36
40 36 34
35 35 39
38 37 44
31 36 67
35 31 66
37 37 69
33 36 37
36 34 37
40 43 68
36 39 39
39 39 35
40 38 68
35 39 61
39 42 41
39 43 67
35 34 63
38 33 65
36 31 35
42 37 33
34 41 62
37 39 64
33 33 34
41 35 63
36 33 65
32 35 70
40 41 66
39 38 43
40 32 39
39 41 66
38 40 38
34 33 64
34 32 40
34 37 32
42 36 73
37 37 62
36 42 73
41 38 31
36 39 66
40 39 67
39 43 36
35 40 39
32 40 41
34 35 70
41 42 37
36 41 37
33 40 37
44 40 70
40 37 69
39 42 62
35 37 44
43 36 35
35 42 69
38 32 66
43 41 38
34 41 39
40 31 37
36 33 42
36 32 70
32 34 69
40 33 42
35 41 38
35 40 66
35 36 34
38 38 32
38 34 64
34 32 67
42 35 40
37 43 40
37 42 64
34 39 73
42 39 72
41 37 72
41 38 32
33 39 63
41 33 40
36 38 65
44 37 38
32 36 39
39 32 38
40 34 32
43 35 70
35 38 64
38 44 71
31 38 37
42 32 38
34 34 65
34 35 63
37 35 43
37 44 66
41 44 67
34 31 68
33 38 39
36 41 62
41 37 62
36 32 35
36 37 37
36 36 67
39 34 68
35 36 69
39 40 43
35 43 70
38 34 37
42 39 35
41 33 69
33 36 69
40 43 36
39 36 41
39 42 73
38 38 63
37 43 71
34 39 34
34 38 70
41 44 38
37 39 32
37 38 72
41 38 73
33 34 42
36 36 40
39 32 63
35 43 35
39 41 34
35 38 41
39 44 38
35 39 67
43 38 72
31 40 39
37 41 33
34 42 41
41 36 43
36 42 41
36 43 67
33 42 39
40 40 73
40 39 35
40 36 41
35 37 66
39 35 71
43 34 37
38 37 37
31 34 68
34 43 37
41 43 35
33 37 70
41 34 68
44 35 39
36 41 69
33 40 69
36 39 44
32 39 34
35 39 36
39 44 65
35 34 36
38 32 34
43 41 70
39 31 39
41 32 38
40 31 69
33 42 66
36 35 38
44 34 67
39 35 40
32 34 37
40 35 62
39 38 32
39 39 72
35 33 71
35 38 62
38 37 72
39 41 73
40 36 70
38 33 40
31 36 39
34 32 35
37 37 41
37 38 31
33 37 43
36 42 64
36 38 33
40 39 72
32 35 41
40 34 64
38 44 39
38 41 37
37 33 63
37 36 61
36 40 66
33 41 70
40 41 38
36 37 69
40 32 67
35 44 38
39 42 39
34 37 68
42 38 37
41 41 36
38 31 70
40 35 71
35 36 43
43 39 34
38 38 31
38 41 64
42 40 42
42 33 65
37 43 39
34 39 66
41 38 41
33 41 35
36 38 72
44 39 67
40 37 33
40 36 31
37 31 68
40 34 43
35 40 41
40 33 65
35 38 73
38 39 39
38 38 73
34 41 67
42 35 71
35 31 39
41 41 65
41 37 33
36 32 42
40 41 63
44 38 39
32 36 72
43 39 71
35 37 34
35 32 38
38 34 44
34 36 71
34 43 69
37 34 44
41 41 63
41 34 36
41 43 67
36 33 36
39 32 66
39 36 34
35 34 68
38 35 42
38 40 67
31 35 66
34 34 37
42 36 34
33 38 67
41 40 71
33 34 35
44 37 40
36 36 63
40 44 37
32 42 66
39 41 41
35 32 65
35 33 39
35 39 74
39 38 64
43 38 65
38 43 39
38 42 65
34 35 41
34 40 64
37 34 71
41 42 64
37 38 63
36 42 32
40 39 40
35 37 73
39 40 37
32 41 40
32 40 64
43 36 70
34 38 34
37 40 34
34 42 66
41 40 34
36 43 42
41 36 66
40 44 66
39 33 69
40 40 34
43 38 36
39 42 71
43 37 36
35 35 71
38 42 38
31 37 70
33 39 68
38 31 38
39 35 35
40 35 39
39 39 67
35 38 39
38 37 65
38 36 43
38 33 33
31 38 64
36 31 67
41 31 37
37 44 41
37 35 64
33 37 34
41 39 39
33 33 66
36 38 40
44 39 35
32 38 42
40 40 71
39 34 43
32 35 38
39 37 66
40 36 63
35 35 32
43 40 70
38 39 71
31 39 38
37 33 38
37 36 42
33 36 40
33 35 65
36 35 66
36 34 62
40 43 67
36 39 34
44 38 71
39 39 44
32 37 64
39 43 68
43 42 36
42 41 69
42 34 68
34 36 39
37 39 69
41 35 36
36 33 68
40 42 39
44 40 38
38 36 66
38 33 62
38 41 73
38 40 35
34 33 71
38 35 74
42 36 66
36 40 38
33 41 42
33 43 38
36 36 31
40 39 70
40 37 42
35 44 66
35 40 34
38 38 64
38 43 71
34 41 72
34 40 32
37 42 32
34 35 73
42 35 72
42 38 65
41 37 40
36 41 40
36 34 65
40 41 40
44 40 67
44 37 70
40 38 32
32 36 71
35 37 41
43 36 38
35 42 64
43 35 38
34 37 74
42 37 69
37 40 66
40 31 40
36 44 35
36 32 67
39 33 37
40 33 37
35 36 37
43 37 68
38 35 35
38 34 69
34 32 68
38 40 74
42 35 35
42 39 67
33 39 36
36 40 61
41 33 37
39 32 41
32 33 36
43 35 67
35 38 71
34 35 34
34 42 63
37 35 32
37 34 72
37 38 40
33 38 42
41 39 71
36 37 32
44 38 41
36 36 72
39 37 34
39 36 70
43 36 63
35 43 67
43 40 38
34 36 73
31 39 70
34 38 41
42 39 62
37 41 65
37 34 62
37 36 74
33 34 71
33 35 33
36 43 35
33 36 72
40 43 35
40 40 41
35 41 66
43 34 69
42 41 37
34 34 43
34 44 68
37 38 67
37 39 37
41 35 68
40 35 44
39 40 65
39 41 63
40 42 71
35 38 44
35 39 68
38 36 34
37 41 42
34 42 38
37 44 38
36 43 70
41 32 70
33 42 34
40 39 38
39 34 32
40 36 38
39 35 72
39 37 73
35 35 43
38 37 40
42 42 64
37 33 41
37 37 73
33 36 33
33 35 72
36 34 33
36 41 72
33 40 64
36 39 43
32 39 41
39 39 39
40 38 64
35 34 35
43 37 42
38 33 69
36 31 39
31 35 39
42 37 37
34 36 62
37 32 37
33 33 38
36 35 61
44 34 68
40 36 67
40 41 70
39 41 70
40 32 35
38 40 42
38 35 67
34 32 36
37 41 61
34 37 36
37 37 34
36 42 69
36 39 70
44 36 39
32 33 68
32 40 37
38 41 32
34 40 43
34 35 66
36 41 33
36 34 72
33 40 41
33 41 67
40 41 33
36 37 64
39 39 62
40 38 43
40 37 65
44 35 67
37 31 36
38 32 70
43 41 34
42 43 39
34 37 67
34 36 41
34 41 35
42 38 42
41 41 33
33 43 66
40 42 41
40 35 66
35 40 70
35 41 34
43 39 39
38 38 36
31 41 68
42 33 68
41 38 44
36 38 69
40 37 36
39 32 34
40 34 36
38 39 42
38 44 67
31 38 41
34 41 70
34 34 69
35 31 40
37 44 70
33 38 35
36 32 39
36 37 41
39 37 41
35 36 65
35 37 63
39 34 64
43 39 72
43 35 40
38 34 33
34 36 64
42 39 39
37 34 39
33 35 40
33 36 65
41 34 63
36 33 63
39 32 69
39 33 43
35 41 73
35 34 67
34 34 34
34 39 38
34 38 66
42 36 63
37 32 69
33 38 70
33 39 42
41 40 66
36 36 36
35 43 39
39 41 38
39 40 74
43 38 68
31 40 35
38 43 34
31 37 38
34 40 69
38 42 70
36 42 37
39 36 72
39 35 67
35 37 70
32 41 35
32 40 69
38 37 33
34 38 39
37 40 41
41 40 41
41 34 72
33 37 66
36 34 40
44 35 35
36 41 65
39 33 66
40 40 39
35 39 32
39 44 69
35 34 40
43 37 33
35 35 64
38 32 38
43 41 66
38 42 43
42 42 41
37 32 42
37 33 70
33 39 65
40 31 65
33 42 70
36 35 34
39 35 36
40 35 34
40 36 74
39 38 36
35 33 67
38 37 68
38 36 44
43 42 68
42 33 36
42 34 36
34 37 61
33 37 39
33 32 37
36 38 37
32 39 69
39 37 71
40 34 68
35 35 61
43 33 38
43 40 65
38 44 35
38 39 74
38 41 41
31 39 35
34 33 39
37 40 62
42 32 66
37 36 33
33 35 70
36 40 70
36 37 73
39 39 41
39 36 31
40 37 74
39 42 35
35 37 31
44 38 64
42 41 72
42 34 65
34 36 32
34 41 40
42 38 33
37 39 74
33 33 40
41 35 41
38 31 66
44 36 67
39 35 63
44 40 35
39 38 61
35 41 41
40 41 72
38 36 71
38 41 68
42 40 38
34 37 42
34 39 70
36 40 35
33 41 39
36 44 67
32 38 70
35 44 69
37 31 64
40 33 69
38 39 35
38 43 66
42 38 70
34 40 37
37 42 43
35 31 35
42 35 67
41 41 69
44 37 65
40 38 37
35 36 74
35 37 38
43 36 41
32 41 67
43 35 35
38 32 72
43 39 67
38 34 40
42 37 64
37 40 73
34 43 65
37 34 40
41 34 40
33 35 63
36 33 32
39 33 34
35 40 72
39 36 38
35 34 72
38 38 42
43 37 65
38 40 71
42 35 38
42 36 38
34 38 73
34 39 63
41 37 70
33 39 33
41 38 62
33 34 39
32 36 41
44 41 68
39 38 68
35 32 69
35 33 35
38 41 31
34 35 37
37 34 67
37 35 61
41 42 68
37 38 35
33 32 69
39 36 65
39 37 39
35 42 36
39 40 33
43 36 66
38 34 63
31 39 67
37 41 74
34 42 70
41 40 38
37 36 65
33 34 66
33 35 38
36 43 38
40 44 70
35 41 71
39 36 63
35 39 43
39 42 67
43 34 64
42 41 40
38 42 34
31 37 66
34 39 40
37 39 42
37 33 73
41 38 71
38 31 34
36 35 43
41 35 73
39 35 31
40 35 43
35 43 41
35 40 31
39 39 71
35 38 35
39 40 68
40 42 64
38 36 39
38 33 37
31 38 68
42 40 70
34 42 35
37 35 68
41 36 37
41 37 31
33 37 62
41 39 43
33 33 70
36 38 44
44 39 39
32 38 38
40 39 61
39 34 39
40 36 35
40 40 67
35 35 36
38 39 67
31 36 66
37 33 34
35 31 67
41 40 63
37 37 66
33 36 36
36 43 63
33 40 63
36 39 38
40 43 71
39 39 32
40 38 69
39 42 40
39 43 64
35 34 62
38 33 64
38 32 40
42 41 65
42 34 72
42 37 32
37 39 65
33 33 35
41 35 32
36 33 64
32 35 65
40 41 65
39 38 42
40 32 40
39 41 67
38 36 62
38 40 39
34 33 67
34 32 41
34 37 35
42 36 70
37 37 63
40 39 66
39 43 37
32 42 38
35 40 38
38 38 68
38 41 63
34 35 69
41 42 36
36 41 36
44 35 70
33 40 36
40 38 44
40 37 68
43 36 34
35 42 68
38 32 67
38 34 31
43 41 39
42 37 73
34 41 38
41 41 42
40 31 36
36 33 41
36 32 71
32 34 66
40 33 41
35 41 39
35 40 65
35 36 33
43 39 40
38 38 33
38 35 39
38 34 65
34 32 64
37 42 71
37 43 41
34 39 72
42 39 71
41 37 73
41 38 39
41 33 41
44 37 37
40 37 63
39 32 37
40 34 33
35 40 63
43 35 71
35 38 67
38 44 68
31 38 36
42 32 39
34 34 66
34 35 62
37 35 36
37 38 44
34 31 67
33 38 38
41 37 63
36 37 36
36 36 68
39 34 71
35 36 68
39 40 42
35 43 71
38 34 38
31 40 67
42 39 34
41 33 66
33 36 68
40 43 39
39 32 72
39 36 40
39 42 72
42 41 33
37 43 64
34 39 33
34 38 71
37 38 71
37 39 33
33 38 73
41 38 72
41 40 73
33 34 41
41 35 64
36 36 41
39 41 35
39 38 74
35 38 40
39 44 37
35 39 64
31 40 38
37 41 38
34 42 42
37 37 31
41 36 42
36 43 66
33 42 38
40 40 74
40 39 34
40 36 42
35 42 42
35 37 67
43 34 36
39 35 68
38 37 36
42 42 68
37 40 44
34 43 36
41 43 36
33 37 71
41 34 67
44 35 38
36 41 68
33 40 68
32 39 37
35 39 37
35 34 39
38 32 35
43 41 71
31 35 35
42 37 41
37 32 33
39 31 36
40 31 68
33 42 65
36 33 73
39 35 41
32 34 34
40 36 71
39 38 35
39 39 73
35 33 72
38 39 31
38 33 43
43 42 67
38 35 71
31 36 38
42 34 33
37 37 38
33 37 40
36 42 65
36 39 74
36 38 62
32 39 72
44 36 35
40 37 31
32 35 40
40 34 65
38 37 61
38 44 36
38 41 36
34 33 42
36 40 67
33 41 71
40 41 37
36 37 68
40 32 68
35 44 37
39 42 38
34 37 71
42 38 38
41 41 37
38 31 69
40 35 70
35 36 42
43 39 35
38 36 72
38 41 67
38 34 72
42 33 64
34 39 65
41 38 40
36 40 40
36 38 73
44 39 66
40 37 32
32 36 63
37 31 69
40 34 40
35 40 40
40 33 64
35 38 72
38 39 38
38 38 74
34 41 66
42 35 70
35 31 36
41 37 38
33 38 63
40 41 62
44 38 36
32 37 39
40 38 62
43 39 68
35 37 35
35 32 37
34 36 68
42 39 43
34 43 68
37 34 35
41 34 35
41 43 68
39 32 65
39 36 33
35 34 71
38 35 41
38 40 64
31 35 67
34 34 38
37 43 63
42 36 35
37 32 65
33 38 66
39 31 68
41 40 70
33 34 34
36 36 32
40 44 38
32 42 67
39 41 42
35 32 64
35 33 40
39 38 67
43 38 64
38 39 63
38 43 38
31 37 34
34 35 40
34 40 65
37 34 70
38 42 66
37 38 62
36 42 33
40 39 43
35 42 35
39 40 36
32 41 39
32 40 65
35 37 74
43 36 69
34 38 35
37 40 37
34 42 67
41 36 69
40 44 67
39 33 70
40 40 35
35 39 44
43 38 39
39 42 70
43 37 37
35 35 68
38 42 39
31 37 71
37 33 66
33 39 69
38 31 37
39 35 32
40 35 38
39 39 64
35 38 38
38 37 64
38 36 40
38 33 32
31 38 67
36 31 66
41 31 38
42 34 40
37 44 40
37 35 65
33 37 35
41 39 32
33 33 67
36 38 41
36 37 31
32 39 65
39 34 42
39 37 67
40 34 72
35 35 33
43 40 69
38 39 70
31 39 39
34 33 35
34 40 62
37 33 39
35 31 68
37 36 37
33 36 43
33 35 66
36 35 69
36 34 63
40 43 66
36 39 61
44 38 68
32 37 71
39 43 69
43 42 39
42 41 68
42 34 69
34 36 36
42 37 63
37 32 63
37 39 70
41 35 37
40 42 36
44 40 39
38 36 67
38 41 72
38 40 32
34 33 70
42 40 34
38 35 73
42 36 67
36 40 39
33 43 39
32 38 66
40 37 41
35 44 65
35 40 33
38 38 65
38 43 70
42 38 66
34 40 33
37 42 39
34 35 72
41 37 41
36 34 70
33 40 35
44 37 69
40 38 33
32 36 64
35 37 42
43 36 37
32 41 71
43 35 39
35 42 67
42 37 68
37 40 69
36 44 36
44 34 37
40 42 63
39 33 38
40 33 36
35 36 36
43 37 69
38 35 34
38 34 70
34 32 69
42 35 34
42 36 42
42 39 66
41 37 66
33 39 37
36 40 62
41 33 34
39 32 40
43 35 64
35 33 63
35 38 70
31 38 35
34 35 33
34 40 72
37 35 33
37 38 39
33 38 41
41 39 64
36 37 63
36 36 73
39 36 69
39 37 35
35 43 64
43 40 37
43 33 66
31 40 70
34 38 42
37 41 70
37 34 61
37 36 69
33 34 70
33 35 34
36 43 34
40 43 34
40 40 42
35 41 67
43 34 68
42 41 36
38 42 62
42 42 36
37 38 66
37 39 38
41 38 67
41 35 69
40 42 68
39 40 64
35 39 69
38 36 35
42 33 41
37 41 43
42 40 66
34 42 39
37 35 72
41 36 33
41 32 65
32 38 34
39 34 35
40 36 39
39 35 73
39 37 74
35 35 40
43 34 35
38 37 43
42 42 65
31 36 70
37 37 70
33 36 32
33 37 72
36 35 74
36 34 38
33 40 67
36 39 42
32 39 40
39 39 36
40 38 65
35 39 62
35 34 34
38 33 68
36 31 38
31 35 36
42 37 36
34 36 63
37 32 36
33 33 39
32 35 69
40 41 69
39 41 71
40 32 36
38 40 43
38 35 66
34 32 37
42 43 67
34 37 39
37 37 35
36 39 65
39 43 33
39 40 31
32 33 67
32 40 38
38 41 35
34 40 40
34 35 65
36 41 32
36 34 73
33 40 40
33 41 64
40 41 32
36 40 72
39 39 63
40 38 40
35 44 40
40 37 64
37 31 37
38 32 71
43 41 35
42 43 38
34 37 66
34 41 34
42 38 43
33 43 67
32 34 70
35 40 69
35 41 35
43 39 36
38 38 37
42 33 71
37 42 67
34 44 37
41 38 35
36 38 66
32 36 36
39 32 33
40 34 37
38 39 41
38 44 64
31 38 40
34 34 70
37 35 40
37 44 65
33 38 34
36 37 40
36 36 64
32 37 42
39 37 42
35 36 64
39 34 67
43 35 41
38 34 34
34 36 65
42 39 38
37 34 38
41 33 70
33 35 41
33 36 64
41 34 62
36 33 62
39 32 68
39 36 44
43 39 63
35 34 66
31 35 68
34 34 35
37 43 68
34 39 37
34 38 67
41 44 37
37 32 68
33 38 69
33 39 43
37 39 61
39 31 65
36 36 37
40 44 35
35 43 36
39 41 39
39 40 73
43 38 71
38 43 33
31 37 39
37 41 34
38 42 71
36 42 42
39 35 64
35 37 71
39 40 63
32 41 34
32 40 70
43 36 72
38 37 32
31 34 67
37 40 40
41 40 40
33 34 72
41 34 71
33 37 67
36 34 41
36 41 64
33 40 72
39 33 67
32 39 33
39 39 31
40 38 72
35 39 33
35 36 31
43 38 42
35 34 43
43 37 34
35 35 65
38 32 39
39 44 68
43 41 67
37 33 71
39 31 40
33 39 66
41 32 37
33 42 69
36 35 37
39 35 37
32 34 38
40 35 61
39 38 39
35 33 68
35 38 61
38 37 71
42 33 39
42 34 37
37 37 42
33 37 36
41 36 63
33 32 36
36 38 34
32 39 68
39 43 40
40 34 69
43 33 39
43 40 64
38 39 73
38 41 40
34 33 38
42 32 67
37 36 32
33 35 71
36 40 71
36 37 72
40 32 64
44 38 65
40 37 73
39 42 34
42 34 66
34 36 33
34 41 43
42 38 34
33 33 41
41 35 42
38 31 65
44 36 68
40 42 33
40 35 74
35 41 42
38 36 68
38 41 71
38 40 61
42 40 39
37 43 36
34 39 69
36 40 44
33 41 36
44 39 70
36 44 68
32 38 71
40 37 44
35 44 68
37 31 65
35 40 44
40 33 68
38 39 34
38 43 65
42 38 71
37 42 42
42 35 66
41 41 66
41 42 42
41 37 34
44 37 64
32 37 35
35 36 73
35 37 39
43 36 40
32 41 66
35 32 41
43 39 64
38 34 41
42 37 67
37 40 72
34 43 64
41 34 39
41 43 64
36 33 39
39 33 35
40 33 63
39 36 37
35 36 63
43 37 66
38 38 43
38 40 68
42 35 37
42 36 39
34 38 74
34 39 62
41 37 71
33 39 34
41 38 61
33 34 38
41 33 63
32 36 42
39 38 71
35 32 68
35 33 36
38 43 42
34 35 36
37 34 66
37 35 62
41 42 67
37 38 34
33 32 68
39 36 64
35 42 39
39 40 32
43 36 65
37 40 33
34 43 41
34 42 71
41 40 33
37 36 64
33 34 65
33 35 39
36 43 41
41 36 65
40 43 41
39 36 62
35 39 40
43 38 35
39 42 66
35 35 72
43 34 67
38 42 35
31 37 67
37 39 43
41 38 70
36 35 42
40 35 42
40 42 65
39 39 68
35 38 34
38 36 36
38 33 36
31 38 71
36 31 70
42 40 71
37 41 44
37 35 69
41 36 36
33 37 63
41 39 36
33 33 71
44 39 38
40 40 68
32 38 39
39 34 38
32 35 37
35 35 37
38 39 66
31 36 65
34 33 63
37 33 35
44 35 66
41 40 62
37 36 41
37 37 67
33 36 39
36 35 65
40 43 70
36 39 33
39 39 33
32 37 67
39 42 43
39 43 65
38 33 67
38 32 41
38 35 31
42 41 64
42 37 35
37 39 66
41 35 33
36 33 71
32 35 64
32 34 40
40 41 64
40 32 41
38 36 63
38 40 36
34 33 66
34 37 34
42 36 71
40 39 69
39 34 63
32 42 39
35 40 37
31 41 37
38 38 69
38 41 62
34 35 68
37 42 35
41 42 35
36 41 43
36 34 66
33 40 39
40 41 43
32 36 68
43 36 33
35 42 71
38 32 64
43 41 40
34 37 73
42 37 72
37 40 65
41 41 43
40 31 39
36 33 40
36 32 64
32 34 67
40 33 40
35 40 64
35 36 32
43 39 41
38 38 34
38 35 38
38 34 66
34 32 65
37 42 70
37 43 42
42 39 70
41 38 38
41 33 38
33 34 63
44 37 36
32 36 33
40 37 62
39 32 36
32 33 39
35 40 62
40 34 62
35 38 66
43 35 68
38 39 44
38 44 69
31 38 39
42 32 36
34 34 67
37 35 37
37 36 31
37 38 43
33 38 37
41 39 68
36 37 35
36 36 69
39 34 70
39 40 41
35 43 68
43 40 41
38 34 39
31 40 66
42 39 33
37 41 66
37 36 73
41 33 67
33 36 71
40 43 38
38 35 63
34 34 40
37 43 65
34 39 32
37 38 70
37 39 34
33 38 72
41 40 72
33 34 40
41 35 65
36 36 42
40 44 40
35 38 43
39 44 36
35 39 65
38 36 31
31 40 37
37 41 39
37 44 37
36 43 69
41 32 69
33 42 37
40 39 37
40 38 31
40 36 43
39 35 69
35 35 44
43 34 39
38 37 39
42 42 69
41 31 67
37 33 42
37 37 74
41 43 37
33 37 68
41 34 66
36 34 34
33 40 71
39 33 72
32 39 36
40 40 61
39 43 72
35 34 38
42 37 40
39 31 37
33 42 64
36 33 72
40 36 64
32 34 35
39 38 34
38 37 74
38 33 42
43 42 66
38 35 70
31 36 37
37 41 62
42 34 34
37 37 39
33 37 41
36 42 70
36 39 69
36 38 63
40 39 74
44 36 36
32 40 34
38 44 37
38 41 39
42 32 68
37 36 63
33 41 68
40 41 36
36 37 67
40 32 69
35 44 36
34 37 70
34 36 42
42 38 39
41 41 34
38 31 68
40 42 42
40 35 65
35 36 41
38 36 73
38 41 66
38 34 73
42 40 40
42 33 67
37 43 33
34 39 64
