206 55 105
32 155 110
74 131 76
171 47 58
32 155 111
172 47 57
75 132 76
176 107 140
206 55 106
97 77 63
172 46 57
53 167 32
97 77 62
141 73 103
31 154 110
53 167 31
141 73 102
31 154 111
50 43 76
175 107 140
172 46 58
32 154 111
142 73 102
49 43 76
97 78 62
49 44 76
74 132 75
74 131 75
32 154 110
142 73 103
49 43 75
97 78 63
75 131 75
98 78 63
75 132 75
119 31 31
98 77 62
98 78 62
207 55 105
175 107 139
98 77 63
74 132 76
49 44 75
31 155 111
52 167 32
52 168 31
118 31 31
175 106 140
75 131 76
119 32 32
31 155 110
50 44 75
53 168 31
171 46 58
50 43 75
118 32 31
176 106 139
207 56 105
207 55 106
207 56 106
118 32 32
142 72 103
53 168 32
175 106 139
119 32 31
206 56 106
142 72 102
171 46 57
50 44 76
52 167 31
52 168 32
118 31 32
176 106 140
141 72 102
176 107 139
141 72 103
206 56 105
171 47 57
119 31 32
172 47 58
