52 170 31
119 31 35
54 171 32
120 32 31
172 47 59
208 57 105
99 81 62
121 33 32
32 155 111
76 134 77
53 47 76
97 79 65
31 156 113
122 34 33
53 46 79
56 167 33
77 131 78
78 131 76
53 170 32
97 80 64
76 135 75
176 107 140
121 34 31
209 59 106
142 74 106
175 108 140
119 34 32
99 78 66
53 170 31
53 171 33
207 59 105
98 77 64
51 43 78
33 155 113
34 156 111
119 35 33
178 106 140
99 77 64
98 77 62
75 135 78
78 133 76
50 47 76
35 155 113
141 74 103
54 169 35
56 168 31
56 170 35
142 76 102
31 155 111
119 33 31
120 34 32
179 106 140
171 48 61
100 80 64
144 75 104
101 79 63
98 80 66
35 158 113
141 72 105
52 46 77
100 79 65
53 168 35
52 168 34
54 170 31
55 167 32
120 33 31
53 43 78
98 81 66
32 156 111
121 32 34
173 50 59
76 132 79
175 110 140
176 106 140
76 133 76
143 74 101
99 79 63
175 47 57
145 75 104
99 81 65
77 132 79
49 46 78
121 35 32
177 110 143
174 50 61
173 46 57
207 58 108
174 47 59
207 57 108
35 157 110
51 47 76
143 72 106
34 157 111
174 48 58
179 108 139
178 109 140
52 171 34
75 133 77
171 50 60
171 49 60
141 73 103
53 167 31
120 35 34
172 49 59
75 132 79
76 131 77
78 132 79
31 154 111
49 43 78
179 107 143
98 78 66
209 58 108
177 107 141
144 72 104
49 45 75
176 108 141
209 57 109
74 132 75
32 157 110
32 154 110
54 171 31
120 32 32
52 45 76
33 156 109
75 131 75
145 73 106
52 167 34
173 49 59
208 56 109
53 44 79
77 135 75
177 108 138
176 110 141
207 55 105
30 156 112
206 55 106
122 32 31
206 58 109
178 107 139
207 56 106
54 167 33
171 47 60
32 154 113
119 32 34
51 45 78
34 154 111
143 75 104
208 59 108
51 44 77
101 77 65
100 77 62
179 109 141
118 32 34
52 43 76
141 75 102
174 46 58
74 133 77
172 50 59
178 108 142
177 106 139
98 81 62
78 134 77
208 58 105
119 31 34
208 57 106
54 171 33
178 106 139
209 56 105
121 33 35
55 170 31
76 134 76
97 79 64
31 156 114
145 72 104
122 34 32
172 46 57
77 131 77
78 131 77
33 156 114
97 80 65
142 76 105
53 170 33
121 34 32
175 107 141
142 74 105
175 108 141
100 80 63
176 109 140
119 34 33
53 171 32
173 50 60
175 50 58
98 77 65
34 155 110
97 78 62
33 155 112
34 156 110
145 74 102
143 74 106
119 35 32
77 133 75
101 78 64
98 77 63
50 47 77
78 133 77
54 169 32
35 155 112
75 134 78
56 170 34
120 34 35
174 47 60
52 169 32
31 155 110
50 44 75
179 106 141
207 57 107
122 32 33
144 75 105
101 79 62
33 155 111
34 156 113
53 168 32
52 46 76
54 168 33
52 169 31
52 168 33
52 47 75
55 167 35
55 169 35
53 43 77
32 156 110
120 31 31
121 32 35
76 132 78
172 49 60
175 110 141
176 106 143
76 133 77
53 169 33
99 79 62
145 75 103
99 81 64
77 132 76
144 73 102
49 46 79
143 71 104
35 156 112
141 74 104
173 46 58
35 158 111
174 50 60
207 58 109
53 171 31
51 47 79
33 154 110
174 48 61
142 72 106
101 81 63
178 109 141
179 110 142
75 133 76
171 49 59
141 73 102
56 171 32
120 35 35
178 107 140
78 132 78
49 43 77
144 76 106
179 107 142
98 78 65
177 107 140
52 44 79
144 72 103
172 48 61
176 108 140
209 57 108
32 157 111
175 106 142
173 49 58
210 58 109
52 45 77
208 56 108
53 44 76
177 108 139
208 54 107
176 110 140
175 46 58
33 157 114
171 46 58
50 43 75
206 55 107
206 57 108
206 58 108
207 56 107
54 167 34
32 154 112
97 81 65
73 133 77
51 45 77
34 154 110
119 32 35
122 31 32
51 44 78
101 77 64
142 73 104
100 77 63
174 49 57
118 33 31
179 109 140
52 43 77
141 72 103
174 46 57
172 50 58
177 106 140
98 81 63
143 73 106
78 134 76
101 80 64
172 47 57
54 171 34
208 57 107
121 33 34
32 158 111
76 134 79
32 157 112
145 72 105
208 55 106
99 80 64
77 131 76
78 131 78
142 76 104
53 170 34
121 34 33
100 78 65
49 44 78
142 74 104
100 80 62
144 75 102
175 108 142
175 107 140
176 109 141
99 78 64
177 109 139
173 50 61
207 59 107
175 50 59
97 78 63
34 155 111
74 134 79
32 155 114
143 76 102
145 74 103
119 35 35
100 78 63
209 55 109
101 78 65
206 56 105
50 47 78
54 169 33
120 34 34
174 47 61
75 134 79
207 57 106
52 169 33
97 80 62
122 32 32
56 169 34
34 156 112
54 168 32
33 155 110
52 46 79
53 168 33
120 33 33
52 168 32
55 167 34
121 32 32
75 133 75
53 43 76
98 81 64
76 130 77
171 50 58
210 56 105
76 132 77
55 171 31
78 135 76
172 49 61
76 133 78
53 169 32
118 34 35
176 106 142
173 48 60
145 75 102
175 47 59
77 132 77
142 75 102
144 73 103
100 77 64
49 45 77
176 108 139
35 156 113
141 74 105
173 46 59
53 45 75
174 50 59
173 49 61
207 58 106
31 157 114
51 47 78
97 77 63
33 154 111
174 48 60
34 155 112
55 170 34
179 108 141
51 46 78
52 171 32
175 49 61
177 105 141
77 134 75
50 43 76
206 55 108
171 49 58
56 171 33
120 35 32
178 107 141
207 56 108
76 131 75
52 170 33
49 43 76
144 76 105
120 33 32
208 59 106
98 78 64
122 33 34
177 107 139
52 44 78
33 154 112
34 157 114
142 74 103
144 72 102
74 132 77
172 48 60
179 109 139
210 57 108
121 31 35
210 58 108
52 45 78
75 131 77
52 168 31
52 167 32
74 133 75
172 50 61
53 44 77
208 56 107
176 110 143
175 46 59
78 134 75
207 55 107
144 74 103
171 46 59
56 168 35
178 110 143
206 57 109
141 73 105
206 58 107
173 45 59
54 167 35
118 31 32
97 81 64
77 131 75
51 45 76
143 75 106
122 31 33
176 107 139
51 44 79
142 73 105
175 48 57
206 59 106
31 155 113
50 45 78
177 106 141
51 43 75
143 73 105
101 80 65
98 79 62
101 79 66
208 57 108
54 171 35
32 158 110
76 134 78
210 59 106
32 157 113
74 135 76
208 55 107
172 46 59
99 80 65
53 170 35
33 156 112
76 135 78
121 34 34
100 78 64
49 44 79
175 107 143
175 108 143
144 75 103
176 109 142
99 78 65
99 77 63
207 59 106
74 134 78
145 74 104
143 76 103
96 79 64
143 74 104
77 133 77
119 35 34
100 78 62
51 42 77
209 55 108
101 78 66
50 47 79
75 135 75
78 133 75
55 168 32
35 155 114
75 134 76
118 32 31
98 79 64
207 57 105
52 169 34
97 80 63
50 44 77
122 32 35
34 158 114
56 169 35
54 168 35
55 169 33
56 169 33
52 46 78
120 33 34
178 109 139
179 108 142
121 32 33
208 58 106
171 50 59
98 81 65
208 55 109
32 158 113
76 132 76
117 33 33
78 135 77
122 35 32
76 133 79
53 169 35
118 34 34
173 48 61
175 47 58
144 73 104
142 75 103
100 77 65
49 45 76
172 48 59
35 156 114
141 74 106
173 46 60
174 50 58
207 58 107
173 49 60
175 109 143
210 58 107
31 157 113
145 73 103
34 155 113
55 170 35
122 34 31
51 46 79
52 171 33
175 49 60
77 134 76
179 110 140
50 43 77
206 57 106
145 76 104
171 49 57
179 108 140
120 35 33
178 107 142
207 56 109
118 33 34
52 170 32
144 76 104
208 59 107
98 78 63
51 45 75
122 33 35
52 44 77
33 154 113
142 74 102
74 132 76
210 57 109
175 106 140
121 31 34
52 45 79
75 131 76
208 56 106
52 167 33
31 158 112
172 50 60
178 108 139
101 81 65
55 168 31
173 47 61
176 110 142
50 46 79
143 76 104
144 74 102
56 168 34
207 55 106
178 110 142
49 47 78
141 73 104
206 58 106
145 72 103
118 31 33
32 154 114
53 46 75
33 158 110
122 31 34
171 47 57
175 48 58
52 43 75
99 79 65
206 59 107
177 109 141
31 155 112
50 45 79
207 59 109
177 106 142
143 73 104
119 34 31
98 79 63
101 79 65
208 57 109
142 75 104
209 55 107
209 56 108
210 59 107
101 78 62
74 135 77
32 157 114
172 46 58
99 80 66
48 45 77
33 156 113
142 76 106
76 135 79
142 73 102
121 34 35
49 44 76
171 48 57
175 107 142
176 109 143
209 58 105
99 78 62
99 77 62
54 170 35
120 31 34
74 134 77
32 155 112
145 74 105
143 74 105
77 133 76
209 59 105
77 132 75
206 56 107
55 168 33
99 76 64
75 134 77
98 79 65
52 169 35
50 44 76
122 32 34
34 158 113
208 58 109
34 156 114
54 168 34
55 169 32
118 35 32
120 33 35
175 49 59
179 108 143
52 47 78
210 56 107
32 158 112
76 132 75
53 167 35
78 135 78
56 169 32
122 35 33
53 169 34
31 156 110
118 34 33
144 76 103
173 48 58
175 47 61
144 73 105
179 107 139
208 55 108
100 77 66
49 45 79
172 48 58
177 110 139
174 50 57
173 46 61
53 45 77
209 57 105
175 109 142
210 58 106
31 157 112
145 73 102
143 72 102
32 156 114
77 135 79
53 44 75
34 155 114
55 170 32
177 108 142
51 46 76
170 48 59
77 134 77
179 110 141
35 154 112
50 43 78
141 76 104
145 76 105
206 57 107
55 171 33
178 107 143
118 33 35
75 132 75
78 132 75
52 170 35
119 31 31
98 78 62
51 45 74
122 33 32
52 44 76
33 154 114
34 157 112
74 132 79
210 57 106
175 106 141
121 31 33
119 33 35
75 131 79
55 167 31
97 77 65
31 158 113
208 56 105
142 72 103
101 81 64
54 169 30
173 47 60
207 55 109
50 46 78
143 76 105
144 74 105
56 168 33
178 110 141
49 47 77
206 58 105
100 81 62
210 59 108
118 31 34
53 46 76
33 158 111
56 167 34
209 59 109
174 49 60
175 48 59
99 79 64
206 59 108
35 157 114
141 75 106
177 109 140
50 45 76
207 59 108
177 106 143
51 43 77
101 79 64
172 47 60
178 106 143
208 59 109
33 153 112
34 154 114
142 75 105
209 55 106
140 74 104
209 56 109
98 80 63
175 46 60
75 135 77
101 78 63
74 135 78
208 55 105
172 46 61
31 157 111
76 135 76
142 73 103
97 78 64
100 78 66
49 44 77
171 48 58
98 80 65
55 169 31
209 58 106
99 78 63
100 79 66
54 170 34
120 31 35
121 32 31
210 55 106
143 73 103
32 155 113
74 134 76
33 157 111
143 74 102
145 74 106
77 133 79
53 168 31
33 158 112
121 31 31
176 106 139
97 79 63
121 35 35
206 56 106
101 80 62
177 110 140
55 168 34
98 79 66
50 44 79
174 48 57
34 158 112
56 170 31
208 58 108
100 81 64
119 35 31
118 35 33
175 49 58
52 47 79
74 131 76
210 56 106
101 77 63
53 167 34
120 35 31
122 35 34
75 132 76
76 131 78
31 156 111
144 76 102
118 34 32
173 48 59
144 73 106
175 47 60
49 46 75
49 45 78
172 48 57
34 158 111
207 58 105
53 45 76
120 32 35
175 109 141
210 58 105
33 156 110
145 73 105
51 47 75
143 72 103
32 156 113
77 135 78
177 108 143
55 170 33
51 46 77
77 134 78
35 154 113
50 43 79
141 76 105
55 171 32
118 33 32
52 170 34
35 155 111
208 59 105
122 33 33
52 44 75
34 157 113
118 32 33
74 132 78
175 48 60
210 57 107
121 31 32
55 169 34
119 33 34
75 131 78
174 108 141
97 77 64
74 133 78
178 108 141
142 72 102
54 169 31
173 47 59
207 55 108
50 46 77
143 76 106
144 74 104
56 168 32
119 31 33
178 110 140
209 56 106
49 47 76
141 73 106
100 81 63
76 134 75
53 47 78
122 34 35
171 47 59
53 46 77
176 107 142
209 59 108
143 75 103
97 80 66
174 49 61
119 34 34
35 157 113
141 75 105
53 171 35
31 155 114
50 45 77
174 46 61
100 79 62
177 109 143
98 77 66
51 43 76
118 34 31
172 47 61
178 106 142
34 154 113
99 77 66
142 75 106
209 55 105
98 80 62
75 135 76
78 133 78
56 170 33
172 46 60
179 106 142
31 157 110
76 135 77
97 78 65
31 158 111
171 48 59
100 80 66
144 75 106
98 80 64
209 58 107
52 46 75
176 107 141
99 80 62
54 170 33
120 31 32
173 50 57
210 55 107
145 76 103
210 56 109
143 73 102
74 134 75
33 157 110
76 133 74
143 74 103
99 79 61
77 133 78
175 110 142
33 158 113
145 75 106
120 30 33
49 46 76
97 79 62
121 35 34
206 56 109
101 80 63
177 110 141
55 168 35
31 154 112
75 134 75
174 47 57
50 46 75
50 44 78
143 72 104
142 72 105
100 81 65
178 109 142
118 35 34
175 49 57
176 109 139
97 81 63
52 47 76
75 133 79
74 131 77
32 158 114
53 167 33
172 49 57
75 132 77
76 131 79
78 132 77
173 48 56
179 107 141
177 107 143
205 57 107
144 72 106
176 108 143
209 57 107
34 158 110
53 45 79
120 32 34
173 49 57
175 109 140
33 156 111
145 73 104
121 33 31
32 156 112
77 135 77
177 108 140
33 157 113
53 169 31
77 134 79
206 57 105
55 171 35
118 33 33
35 156 110
35 155 110
119 32 32
174 49 58
208 58 107
179 109 143
118 32 32
52 43 78
56 169 31
175 48 61
119 32 31
119 33 33
74 133 79
172 50 57
178 108 140
120 34 31
173 47 58
78 134 79
50 46 76
176 110 139
119 31 32
172 47 58
208 57 104
178 110 139
209 56 107
99 81 63
121 33 33
32 155 110
53 47 77
97 79 66
31 156 112
122 34 34
53 46 78
51 169 33
77 131 79
143 75 102
56 167 32
171 47 58
176 107 143
51 44 75
209 59 107
175 108 139
99 79 66
119 34 35
35 157 112
141 75 104
53 171 34
177 109 142
174 46 60
35 154 111
100 79 63
175 50 60
51 43 79
33 155 114
178 106 141
34 154 112
99 77 65
50 47 75
75 135 79
78 133 79
141 74 102
54 169 34
56 170 32
120 34 33
142 76 103
97 78 66
49 44 75
171 48 60
175 107 139
100 80 65
35 158 112
141 72 104
53 168 34
54 168 31
100 79 64
120 33 30
52 168 35
99 80 63
54 170 32
55 167 33
120 31 33
173 50 58
210 55 108
210 56 108
176 106 141
76 133 75
33 158 114
99 81 66
77 132 78
145 75 105
49 46 77
122 33 31
121 35 33
206 56 108
177 110 142
31 154 113
174 47 58
207 57 109
35 157 111
51 47 77
143 72 105
34 157 110
174 48 59
142 72 104
100 81 66
178 109 143
52 47 77
209 58 109
75 133 78
141 76 103
74 131 78
171 49 61
56 171 34
53 167 32
172 49 58
75 132 78
76 131 76
78 132 76
173 48 57
179 107 140
177 107 142
144 72 105
176 108 142
209 57 106
53 45 78
32 154 111
120 32 33
175 109 139
52 45 75
53 44 78
77 135 76
177 108 141
121 35 31
33 157 112
51 46 75
171 46 60
55 171 34
207 56 105
54 167 32
35 156 111
171 47 61
119 32 33
51 45 79
143 75 105
174 49 59
51 44 76
142 73 106
179 109 142
54 167 31
54 166 33
52 43 79
118 32 35
210 57 105
141 75 103
119 33 32
50 45 75
174 46 59
74 133 76
178 108 143
173 47 57
78 134 78
101 80 66
144 74 106
